59
74
63
73
80
78
60
78
70
61
69
54
76
90
55
48
75
42
46
56
94
83
75
57
86
71
65
80
64
19
80
68
59
98
76
86
93
89
54
51
71
67
84
32
79
70
75
72
55
44
75
85
102
99
76
23
90
83
77
176
26
104
90
81
80
82
53
75
92
71
83
87
63
50
39
62
67
61
76
73
72
75
81
16
64
82
69
59
106
69
92
71
74
56
89
68
86
80
53
25
46
90
54
79
78
57
36
84
72
85
59
47
66
44
42
62
88
47
41
46
49
64
91
41
25
69
85
58
41
63
81
104
91
31
55
36
90
161
51
96
107
104
15
66
77
81
42
48
50
63
41
85
103
82
77
157
46
75
100
68
78
109
71
68
90
91
61
87
51
87
88
117
92
91
148
94
67
94
58
89
50
78
87
91
95
50
62
91
89
30
70
82
88
86
72
58
97
91
77
74
89
61
49
96
84
91
91
73
50
87
71
77
60
81
78
152
65
106
81
53
82
91
102
100
109
95
95
95
95
95
95
97
97
106
100
106
95
95
97
97
99
99
97
97
97
104
97
173
173
104
198
98
99
97
102
100
104
100
88
100
93
97
106
97
101
95
113
198
99
201
102
99
92
98
96
96
97
100
198
95
99
98
110
101
88
102
91
94
105
98
88
99
100
95
97
109
95
95
95
97
98
106
95
97
99
97
97
173
102
102
100
99
100
100
100
104
104
198
198
98
98
99
99
102
99
99
97
97
97
97
102
102
102
97
97
102
100
100
100
100
100
100
100
100
88
97
88
88
88
100
100
100
100
93
93
93
102
93
97
97
106
106
97
97
101
101
95
102
95
113
113
99
99
201
201
102
102
99
100
99
92
92
98
98
96
96
96
96
97
100
97
100
100
95
95
99
99
98
98
110
100
110
101
101
88
88
102
102
91
91
94
100
94
105
105
88
88
99
99
100
100
95
88
95
97
97
109
109
95
95
95
95
95
88
95
97
97
106
106
95
95
97
97
99
97
100
99
100
93
93
97
97
106
106
97
97
97
101
101
95
95
113
113
99
99
201
201
97
102
102
99
99
92
92
98
98
96
96
173
96
96
97
97
100
100
95
95
99
99
102
98
98
110
110
101
101
88
88
102
102
100
102
91
91
94
94
105
105
88
88
99
100
99
100
100
100
100
95
95
97
97
109
94
4284
5098
5666
4022
5474
3498
3686
4030
4347
2148
2969
2456
6175
5078
2094
3218
3346
2760
2741
4093
5248
4626
2994
3313
3639
4089
3997
3196
2591
449
4912
3932
2846
5927
4579
5149
6844
3326
2160
3465
3709
2795
4062
2682
4478
4241
4808
3491
3282
3617
2275
3636
6946
5179
4095
833
5107
3802
4528
6916
1042
6491
3384
4843
2953
4847
3386
3500
4112
3404
3685
3749
2115
4448
1845
2758
4401
2491
4452
3048
3386
5983
3602
431
3263
4799
3146
2611
5023
5877
3125
2774
4466
6542
3240
2981
5277
4762
3834
895
2793
5216
3678
4676
4769
3151
1348
7946
3468
5382
3412
3646
4469
1789
2729
3045
4410
2282
2155
3001
3623
5057
4367
467
624
4263
2236
5332
3015
4152
5671
7465
3240
1748
3698
2317
3291
4262
3132
5179
7470
7161
233
3507
4638
4308
1592
2448
3536
3038
2159
4014
5466
4382
3984
5103
3860
4477
4809
4074
5469
7720
4226
3755
5839
6180
4101
5056
3492
4383
5710
7244
5293
5314
5963
5529
3409
4687
4126
4688
3853
4080
3340
5408
6303
2439
2728
5822
5306
1492
3215
5027
5315
5807
4651
2872
6451
5918
5130
3062
5142
2036
3817
6806
4828
3928
5822
1811
3299
5747
3476
5248
3543
4239
3853
8244
5500
6390
5889
2670
4714
5209
5058
5073
4931
4838
4838
4861
4861
4878
4878
4967
4967
4887
5073
4887
4832
4832
4902
4902
4876
4876
4914
4914
4814
4944
4814
4965
4965
4944
5397
4887
5090
5082
5058
5059
4944
5059
4867
5073
4897
4882
5061
5070
4887
4875
6523
5397
4899
5708
5058
4889
4877
4873
4876
4876
4882
5122
5397
4872
5071
4868
5088
6192
4867
5058
4888
4881
5066
4887
4867
5124
4889
4918
5070
4931
4838
4861
4878
4967
4887
4887
4832
4902
4876
4914
4814
4965
5058
5058
5059
5090
5059
5073
5073
4944
4944
5397
5397
4887
4887
5090
5090
5058
5090
5090
5082
5082
5082
5082
5058
5058
5058
4914
5082
5058
5059
5059
5059
5059
5059
5059
5059
5059
4867
5082
4867
4867
4867
5073
5073
5073
5073
4897
4897
4897
5058
4897
4882
4882
5061
5061
5070
5070
4887
4887
4875
5058
4875
6523
6523
4899
4899
5708
5708
5058
5058
4889
5059
4889
4877
4877
4873
4873
4876
4876
4876
4876
4882
5059
4882
5122
5122
4872
4872
5071
5071
4868
4868
5088
5059
5088
6192
6192
4867
4867
5058
5058
4888
4888
4881
5059
4881
5066
5066
4867
4867
5124
5124
4889
4889
4918
4867
4918
5070
5070
4931
4931
4838
4838
4861
4861
4878
4867
4878
4967
4967
4887
4887
4832
4832
4902
4902
4876
4914
5073
4876
5073
4897
4897
4882
4882
5061
5061
5070
5070
4814
4887
4887
4875
4875
6523
6523
4899
4899
5708
5708
4814
5058
5058
4889
4889
4877
4877
4873
4873
4876
4876
4965
4876
4876
4882
4882
5122
5122
4872
4872
5071
5071
5058
4868
4868
5088
5088
6192
6192
4867
4867
5058
5058
5059
5058
4888
4888
4881
4881
5066
5066
4867
4867
5124
5059
5124
5059
4889
4889
5073
4918
4918
5070
5070
4931
6294
89
10
11
44
26
13
67
29
30
24
23
55
40
59
54
24
12
36
36
37
100
64
24
47
45
65
41
36
26
38
52
65
40
36
62
61
26
24
23
28
51
41
2
22
32
13
34
35
31
37
38
37
27
12
31
45
50
38
39
30
26
55
61
23
13
33
18
36
76
64
17
13
24
30
45
36
27
60
36
73
60
38
18
29
42
40
33
37
61
41
67
45
42
34
18
34
14
49
24
21
58
86
35
43
46
37
24
40
31
37
69
52
132
39
42
30
67
45
33
53
39
44
34
37
41
90
22
41
15
23
12
14
71
55
62
47
38
48
43
66
46
33
86
31
14
48
50
55
23
24
32
37
39
86
38
41
0
30
48
41
17
47
19
18
49
44
33
43
47
34
39
35
140
55
42
27
42
25
32
20
55
36
53
53
118
93
48
34
42
38
43
26
65
79
43
39
28
44
70
13
18
18
32
26
44
45
35
33
49
22
62
38
44
45
20
16
53
23
26
24
12
25
61
30
22
15
25
44
74
42
69
51
51
79
87
47
59
47
32
41
22
31
24
40
36
53
31
31
37
55
47
16
21
59
30
64
16
25
48
43
37
60
38
27
75
28
27
31
26
30
77
61
63
85
115
107
20
102
45
66
90
51
63
82
69
108
61
62
45
41
53
89
46
178
67
67
79
40
100
36
101
21
45
62
50
85
60
26
37
24
52
31
66
50
32
17
27
28
82
25
61
48
142
31
36
32
88
38
46
93
68
47
50
75
31
73
85
102
64
51
115
52
24
11
76
34
56
30
60
51
26
21
38
16
22
55
32
43
18
44
22
72
40
71
62
0
22
27
106
69
35
37
33
50
88
91
112
43
31
49
35
30
23
50
50
51
25
41
43
30
14
32
15
19
22
18
33
50
10
24
34
28
17
50
45
42
32
7
6
28
18
38
29
21
59
38
89
92
58
26
50
45
72
9
26
40
33
29
20
35
42
39
49
61
82
32
44
32
39
98
150
35
83
38
82
108
81
94
48
73
148
57
46
62
43
89
19
39
30
25
11
21
30
22
38
51
58
55
55
86
138
37
35
51
41
39
86
48
53
76
32
116
149
95
52
97
90
86
71
90
53
112
61
80
65
21
52
58
64
72
72
50
33
46
59
46
62
71
17
71
40
25
91
11
35
31
40
30
109
42
65
67
74
69
62
119
54
130
86
58
69
109
65
30
11
70
36
18
72
117
30
53
75
20
18
21
94
7
53
99
53
70
61
51
39
55
11
75
48
41
114
89
65
0
73
80
72
117
53
22
129
125
35
67
27
65
166
149
21
40
117
70
87
66
65
73
22
29
37
59
54
92
101
79
67
89
109
70
77
35
115
63
79
54
149
13
125
129
63
86
36
40
26
43
36
46
52
55
10
51
20
14
14
70
66
70
137
35
14
40
36
54
65
34
62
41
79
62
13
25
31
42
35
37
126
83
41
57
103
92
72
63
60
74
128
14
103
76
14
5
14
58
37
45
41
19
58
72
68
120
76
99
57
35
61
71
61
45
55
129
131
99
46
33
27
64
29
23
21
22
23
20
51
157
69
27
29
115
89
68
78
101
143
84
39
24
25
84
111
107
222
95
37
67
60
19
147
61
23
52
40
36
66
59
36
32
94
90
38
36
36
62
39
66
106
11
32
32
80
94
47
69
83
48
13
79
59
31
41
27
47
62
35
26
48
52
31
31
37
83
37
83
96
72
95
43
104
78
68
39
44
66
77
82
64
78
101
65
29
70
34
8
48
24
30
18
15
37
38
72
27
50
55
55
28
88
32
63
18
21
77
54
46
57
76
36
14
43
58
36
106
35
42
69
91
66
87
40
145
96
32
54
46
52
34
103
61
52
40
71
32
37
130
30
47
37
68
37
31
28
34
65
59
27
44
51
37
72
27
33
19
25
76
118
42
54
55
180
43
38
30
14
21
79
38
74
67
110
48
76
46
67
11
54
37
12
60
39
120
35
19
34
48
43
55
29
30
81
59
109
89
56
25
69
79
67
56
47
77
46
89
84
43
46
42
38
25
53
65
101
72
134
33
17
161
144
24
37
82
69
38
84
146
128
119
87
108
73
74
55
187
82
83
72
100
93
106
111
78
37
95
95
30
77
110
46
46
46
36
87
66
157
56
121
41
44
31
33
19
73
21
55
102
100
103
107
86
92
89
79
48
60
78
49
66
70
77
27
65
65
52
39
71
174
95
42
39
26
28
33
25
42
129
74
72
45
110
33
59
68
31
66
51
31
52
44
50
42
58
63
90
51
48
18
32
25
38
34
79
45
66
72
23
69
113
45
41
79
35
42
39
32
43
41
54
45
54
60
50
51
59
43
29
105
112
52
43
58
137
44
48
83
81
22
39
40
69
94
146
74
85
57
57
22
125
64
43
60
47
52
40
65
31
35
62
34
40
48
80
44
59
40
115
42
63
8064
29
371
3258
2233
420
6092
1659
1889
1059
1202
2905
3225
4691
3862
1173
117
824
2700
3708
12126
6837
1089
2453
5618
3506
3953
3584
1514
2790
5434
3819
3184
3357
6557
7589
1482
968
1194
1584
2219
1303
3
414
650
115
3162
2448
1279
1799
2347
1418
1408
371
1386
2439
2680
2751
2829
1290
788
5203
2117
938
139
2169
982
3134
3900
6008
450
579
1120
1294
1548
2561
1279
6410
1644
6185
4700
3123
300
1558
2928
1233
1570
1467
5135
2525
6497
3315
2553
1840
499
955
174
4876
1454
1115
5358
7247
1693
1987
2231
2653
1109
3021
1578
2477
6105
3443
9834
2532
3371
2469
8320
4184
1980
3102
3753
3083
3245
3412
3982
2260
1724
1880
262
328
131
327
8074
5466
6338
4161
1915
4870
4400
7973
3399
3123
12379
1452
275
3189
5755
5240
229
985
1566
3476
1949
7879
3718
1613
0
1474
3829
3600
500
2261
606
68
4486
3612
2065
3577
4200
2126
3455
1316
15137
4889
3699
1098
1390
1162
1236
346
3029
1572
2621
3272
7161
12107
3988
1073
1628
3388
1731
786
3836
3167
2434
3113
1266
3017
5049
420
839
860
1034
1407
3031
3539
994
1886
2921
963
3747
2976
3736
3619
1459
110
4353
625
2509
1834
257
519
5895
1782
718
163
602
2569
4405
3756
7247
3893
1601
3964
8144
4654
6504
3496
2303
2398
1224
1646
1335
2072
2770
6061
2035
2150
2131
1708
3156
373
1443
7399
1325
5646
1551
1215
3745
1856
2193
3157
1955
1109
3395
821
1052
1762
617
1836
5824
3959
5041
6066
7070
7724
998
7453
2623
4520
6142
3199
7371
8985
4928
7049
3179
7318
2624
2713
2921
5801
1724
7719
6840
4970
5857
2717
4266
1416
9344
1819
4141
4145
3082
6521
5668
992
2142
585
4884
1849
4159
3627
2065
372
1864
2150
5576
909
5157
2872
11214
3297
2599
1611
5903
2341
3694
5824
3782
2251
4868
4519
2535
6206
11200
8003
6380
5744
7962
3824
1029
229
6294
1700
2861
1771
7475
4537
407
1970
3457
393
672
4717
3064
3230
659
3068
1080
4973
1042
4385
8346
0
856
1242
7566
4710
1977
1953
1662
3883
8200
9342
14833
2559
1472
3249
2030
2284
503
2512
2829
1679
1720
3120
2384
1528
219
2329
430
486
419
648
2912
4730
266
1263
2020
1119
750
3501
2713
2428
1261
67
8
1751
1032
3334
1302
911
5261
1940
5920
11570
4389
822
5292
3468
8834
88
912
2379
2258
1310
862
2682
2170
3399
2506
2641
6071
1719
3213
904
3811
6082
12196
825
6443
2897
5827
14008
6188
6659
5019
7555
12772
4512
3322
4744
1592
7407
961
1606
2366
1465
130
664
1230
1011
2930
3455
3626
4443
5707
6490
10013
2397
2273
3722
943
3185
12508
2939
4788
6091
2435
5537
9996
5071
5961
5848
12304
5849
9200
7710
1814
8050
6316
7315
2387
323
5840
7108
5447
7009
6839
4538
1592
3031
6772
4023
6716
6602
478
6865
858
718
6926
87
1312
1398
1960
1334
6824
3589
7157
2392
6753
7318
5253
6499
2737
9179
6606
3404
5758
8654
6760
1350
308
7921
1024
754
5679
10953
632
1906
6703
1461
142
851
4963
59
1529
3016
3117
6650
6657
3736
2268
4890
87
7549
2709
2186
13121
11296
4044
0
4929
5752
6855
4470
5483
845
11134
12271
2033
7041
841
7576
23082
11734
994
903
12195
6319
7314
7053
6648
7950
1274
3003
2780
3003
3527
9315
9582
7084
8473
8055
12575
7979
4459
1544
8826
5673
7791
3309
16573
707
6315
5407
6783
9669
1616
1173
438
956
1422
1562
1388
1660
139
3016
335
168
262
7676
3190
6493
14510
3112
387
3408
2625
3547
4223
2897
6053
2955
7487
4503
343
267
2640
3071
2058
2183
8851
7210
2006
6551
10520
9823
7549
6361
6188
5181
4575
331
6288
6194
197
28
178
4103
3870
3371
4015
1627
6667
5364
5772
8452
7146
4146
2289
2007
4776
3150
6556
3348
6287
13389
9053
9052
3834
1002
1195
4453
1048
960
1108
944
763
512
2982
11653
7099
4401
2230
15506
6314
6082
7811
4156
7984
5749
1434
1620
1015
7269
11534
5082
15903
7447
2538
6061
6955
784
15803
5447
2345
3134
1927
2479
4921
2784
1926
1342
9012
2769
2198
1683
1655
4073
907
7469
11718
479
1789
2288
3258
3860
2063
3835
3189
4025
758
9826
4957
2374
3131
1086
3757
5788
2323
1421
3665
5232
651
2141
2967
3595
2101
8639
6544
7749
6156
2882
14199
3126
2394
2007
3003
5563
7492
5529
5302
7429
7308
6758
1731
5300
1419
65
1507
804
1131
352
602
2315
3153
8325
1875
5914
5012
4485
1467
6275
2121
8404
987
1067
6839
5178
1118
5317
7149
2327
178
2688
2766
1313
5958
1685
3452
5874
8830
6613
5652
3100
11959
6219
1097
3447
4025
3025
2321
4769
6767
3703
2839
7827
895
2710
10194
1920
3186
2510
4491
2744
1277
2150
1670
3277
1885
1937
2837
2570
1677
6712
1123
1916
630
1385
5907
8356
3567
3907
4779
26992
2667
1312
1078
493
1441
7694
1046
5222
8131
7458
3252
5776
2808
7013
148
3906
1967
285
3063
2258
10849
896
557
2095
4427
4013
4197
1346
1899
7343
5098
10753
6442
5086
1918
4896
5323
6905
5202
2908
6954
3192
6231
10268
3300
3240
3410
2998
977
3934
6056
5062
5508
17067
1791
1173
10908
7313
2334
2570
6041
3265
2469
9514
7399
9370
8679
3715
6240
8206
7363
3319
12918
8893
2104
5367
8450
5297
3640
5858
7117
2182
5605
5668
1994
7093
8978
5095
2849
2884
2833
5060
6415
6229
2014
7920
2420
1655
873
1307
866
7435
211
2524
7237
7543
7815
8706
8199
7824
7829
7927
4252
6897
9282
3649
4583
6194
4677
1376
6432
6685
3021
1713
5031
11782
6586
3207
2165
1655
1938
2482
1783
3941
6319
6666
6775
3476
11967
2012
5812
5920
1494
7814
4798
1383
4408
4533
4278
3517
2749
2932
10800
3384
2330
946
2274
1166
2221
2985
6851
3401
5474
9517
1759
4126
10288
2470
3075
9129
1354
2461
3215
2357
3220
2476
3433
2786
4674
4122
3309
3753
6208
2595
1279
9208
6837
5565
3220
4491
15224
3919
4211
6327
4136
2095
1899
2627
6079
9212
20499
5980
5567
3799
6631
1707
6254
3848
2158
5948
3645
4644
3661
5150
1009
1282
4288
3017
1913
3839
3896
1912
1793
3234
6718
4781
5548



